0.84615385
0.88461538
0.92307692
0.84615385
0.92307692
0.92307692
0.92307692
0.88461538
0.96153846
0.73076923
0.92307692
0.92307692
0.84615385
0.69230769
0.76923077
0.88461538
0.96153846
0.92307692
0.76923077
0.76923077
0.88461538
0.88461538
0.80769231
0.73076923
0.84615385
0.69230769
0.92307692
0.53846154
0.88461538
0.84615385
0.69230769
0.84615385
0.80769231
0.92307692
0.80769231
0.88461538
0.88461538
0.96153846
0.84615385
0.73076923
0.76923077
0.92307692
0.88461538
0.92307692
0.88461538
0.73076923
0.88461538
0.88461538
0.80769231
0.80769231
0.92307692
0.80769231
0.76923077
0.84615385
0.92307692
0.88461538
0.76923077
0.92307692
0.88461538
0.76923077
0.96153846
0.92307692
0.88461538
0.96153846
0.84615385
0.84615385
0.80769231
0.88461538
0.76923077
0.84615385
0.84615385
0.84615385
0.88461538
0.92307692
0.88461538
0.84615385
0.76923077
0.92307692
0.84615385
0.88461538
1.00000000
0.88461538
0.88461538
0.76923077
0.73076923
0.76923077
0.84615385
0.84615385
0.73076923
0.92307692
0.76923077
0.96153846
0.84615385
0.92307692
0.92307692
0.73076923
0.84615385
0.80769231
0.92307692
0.84615385
