0.66666667
0.81481481
0.81481481
0.77777778
0.70370370
0.81481481
0.77777778
0.81481481
0.77777778
0.85185185
0.81481481
0.81481481
0.88888889
0.92592593
0.77777778
0.70370370
0.70370370
0.81481481
0.88888889
0.77777778
0.85185185
0.77777778
0.77777778
0.62962963
0.66666667
0.77777778
0.74074074
0.81481481
0.74074074
0.74074074
0.77777778
0.81481481
0.66666667
0.92592593
0.92592593
0.81481481
0.70370370
0.77777778
0.74074074
0.77777778
0.77777778
0.66666667
0.74074074
0.66666667
0.74074074
0.74074074
0.74074074
0.70370370
0.92592593
0.85185185
0.85185185
0.77777778
0.70370370
0.74074074
0.77777778
0.85185185
0.70370370
0.70370370
0.62962963
0.77777778
0.66666667
0.74074074
0.85185185
0.81481481
0.81481481
0.77777778
0.81481481
0.85185185
0.70370370
0.81481481
0.70370370
0.66666667
0.77777778
0.81481481
0.74074074
0.81481481
0.62962963
0.81481481
0.77777778
0.81481481
0.81481481
0.70370370
0.85185185
0.70370370
0.66666667
0.81481481
0.66666667
0.81481481
0.81481481
0.88888889
0.88888889
0.62962963
0.74074074
0.85185185
0.77777778
0.77777778
0.74074074
0.81481481
0.81481481
0.77777778
